100
6 1 1000000000000000
1 1 1 1 0 100 0
6 1 -100
1 1 1 1 0 100 0
233760 102762 -774204091292707
846375555 411542249 207446719 367292576 457758932 570074055 0
496026 469095 -91848729370736
79166976 818622907 825091097 253977969 420388886 588515087 0
500000 500000 1000000000000000
330380344 125088375 414227305 102433487 915989308 803001171 0
359034 279373 -584739294539260
664736115 753774085 871338164 39021512 711329632 241742191 0
496425 377975 719388302877120
714550945 379602942 788639351 119377062 580219860 303088846 0
500000 271022 3975510
6 1 188112639 106182800 868922794 11 0
500000 0 1000000000000000
1 1 0 1 0 1000000000 0
249100 36746 1000000000000000
487436564 246278909 233754733 849061258 872776524 977536187 0
207881 66331 1000000000000000
716271333 808527227 765940974 89139104 47323798 782066127 0
116183 34755 440569830058261
411694892 155861006 90526435 173964397 937978443 396360674 0
410659 351885 -153950780315416
256163398 540936548 406046051 744947631 272512606 820348997 0
500000 500000 1000000000000000
583555994 929318129 723340548 977622854 282317925 811892747 0
500000 248263 698456964192406
849218192 650511204 286659438 431504574 196702871 953577341 0
132865 120840 -759289869153279
80997562 546064244 684335398 328488159 977279065 755688621 0
189522 189522 1000000000000000
354146347 605029718 860216209 978478060 198960520 92010721 0
114995 85711 303784678303953
75213282 660506559 176616414 21729379 43290360 866362705 0
347672 190921 -121678573888668
377840876 661511356 431000350 169818453 688091482 607007569 0
317623 107547 970178745247027
372812152 580259262 294250783 420369519 279977040 745097191 0
146535 125440 -11625427229128
919885628 505952997 598094112 792680066 970438943 760941523 0
29174 9843 281353723236014
934878590 526946602 654448301 516435235 650842098 936709287 0
500000 78234 2719537
7 5 733274044 513736404 585390510 11 0
97174 37344 457967679372056
508374238 559358935 648401362 821145304 53948486 169096523 0
500000 403387 714643
3 7 625439296 876613174 625052853 11 0
181006 0 -33708681543376
458037943 458037943 0 0 458037943 1000000000 0
55212 55212 1000000000000000
239601079 918027615 2917912 553149640 234392224 676933795 0
27197 27197 925237368969027
352902988 797776691 480173591 852899165 797746046 857554709 0
27197 13629 1000000000000000
934601573 623814049 361905667 86487075 440658847 479009983 0
2 2 1000000000000000
1 1 0 0 0 1000000000 0
437003 208900 636553022857996
923483270 881183657 544052405 574532075 558711890 787968675 0
27197 19792 314220272014699
910646082 489916541 968375470 793675057 136521630 450639441 0
500000 447501 1000000000000000
789717745 240045124 529317258 103205048 198672656 926587401 0
500000 348874 1000000000000000
404307854 74952411 69307379 470060351 722213085 23969233 0
500000 500000 -380758879692120
282587303 469901925 28324395 876279727 771619248 201530383 0
300027 75721 -339448824723137
358568148 158466294 405066336 804158685 275826749 95910987 0
331027 0 717000927959871
143464153 143464153 0 0 143464153 1000000000 0
206868 25585 269527386079415
657381624 466189238 473667309 259079924 519648017 280917825 0
493513 71127 -608966345316155
892480968 248471442 390911604 19015499 812699221 761555294 0
44278 18140 -234490983673471
657831423 480715166 769297606 177512264 881359303 741253957 0
500000 26219 -830501102988797
749671391 760642417 756247217 742523937 397601952 692998359 0
446026 83730 363671501165183
619891197 41389858 379551651 635505555 890786032 450527511 0
249100 249100 -304185342640223
876666336 157924854 35220540 849953187 825403234 699024113 0
207881 207881 567545271935383
420682166 106167295 902725306 437269086 697761232 98961655 0
500000 125000 125000
1 0 0 1 0 2 0
181464 52917 -668973568841233
213418871 571496391 734068909 667191997 83279678 16252749 0
500000 0 113654609932107
310213789 310213789 0 0 310213789 1000000000 0
500000 161721 1515933
0 8 716916347 986768514 137382793 11 0
165821 17152 129917244486664
837568192 776870385 880941646 123840170 784840456 875797561 0
101656 55657 288814712769607
442725477 648361556 56481168 711793044 376681967 238926311 0
500000 500000 1000000000000000
803054376 694143117 858588190 34302304 490074081 337813687 0
104412 49600 305973861333270
468691914 763701747 885185614 281845477 643414249 402830551 0
2 0 1000000000000000
1 1 0 0 0 1000000000 0
351211 157203 -195320244208380
617475549 550789548 704001703 302019016 182073622 891108225 0
267828 18187 445195539448870
227994192 848280788 855301096 912364528 851781134 180630943 0
84584 30221 -800003153361520
30965671 611982622 277992576 755123775 361313934 675467279 0
485447 90382 496896412588812
790709039 186804151 606579197 334484647 811932506 32538813 0
500000 500000 -667791673186228
611193546 402622963 280703761 807864223 523445134 17307779 0
370425 126142 823614334730281
809879998 434306454 600961634 139078007 198380520 841517471 0
125520 0 -140718570527633
960630919 960630919 0 0 960630919 1000000000 0
485447 2842 1000000000000000
770844961 688641850 951469137 785300710 383214358 112873843 0
500000 44739 1000000000000000
377445922 685478314 269106749 410806500 278505224 617184861 0
500000 500000 511911459182423
182540965 990731563 489313732 179874877 436620343 266515895 0
362345 300744 -313036804443584
199572291 271066095 901002954 363140150 45422041 919029693 0
365998 365998 1000000000000000
937002017 967238935 759502649 708800295 483935103 283267155 0
56444 0 -973310634465783
160216697 160216697 0 0 160216697 1000000000 0
485447 485447 846747353128962
46899689 993698194 670988172 32084531 400995799 426194971 0
500000 500000 1000000000000000
999999999 999999999 0 0 999999999 1000000000 0
131040 111878 -823329227211055
914719343 72623113 851428683 824660025 262717326 140269094 0
147212 102933 173979502674016
555008929 44180694 559832406 851903020 469186071 754238007 0
500000 28187 2890283
1 0 217433953 899295622 136457419 11 0
500000 405347 1000000000000000
389206200 623241078 449570045 362504852 54407761 69055097 0
500000 11711 3173547
4 2 244110551 288757525 614757852 11 0
2 1 1000000000000000
1 1 0 0 0 1000000000 0
500000 0 -893932914042127
84336455 84336455 0 0 84336455 1000000000 0
297317 281918 -181451607033101
928386541 843524536 13654349 537991398 180076377 221197611 0
413161 30634 -742832271673508
841591492 553605166 560953464 538117546 875750155 17084291 0
98712 91626 796352258650765
354480208 869318843 197565186 817468867 509747409 142044563 0
500000 118427 4140089
6 7 210946649 240445473 679569326 11 0
207881 5089 -850099207786669
21802135 882427328 108904600 544742232 174110751 748015989 0
305454 239664 68949675176187
808569437 267896191 627307964 361038865 506586375 489237491 0
254090 254090 1000000000000000
796242715 218324663 139781186 988888316 522144419 472102183 0
500000 500000 1000000000000000
10177646 295539160 66419530 254586104 157243136 772586517 0
500000 392035 -950995853634992
628613950 258330009 24454699 977786680 395009575 709250685 0
500000 500000 1000000000000000
0 0 0 0 0 1000000000 0
500000 463011 -684765548841687
212925007 468261179 396779074 349172821 809091295 604489473 0
500000 0 -260847052994802
537837425 537837425 0 0 537837425 1000000000 0
500000 500000 98518598568840
310115789 724967969 934273636 631552576 422338736 454780873 0
208711 41915 284907358472674
336911998 694158658 584030792 946095350 777522903 356848116 0
268659 110407 -524968211166684
165663754 526972146 77302134 421362630 3208307 615220053 0
61666 40776 909864570029758
255802358 590491235 560862611 831973022 90064902 285030903 0
111398 106986 -276722627736880
439993912 782524330 836221544 13677029 714020127 437667109 0
500000 0 100102532451751
863768775 863768775 0 0 863768775 1000000000 0
423310 276126 411910667595664
519251552 309763179 378750459 539951169 957320059 978827863 0
352992 99360 46736682253979
859432217 961118588 840937042 35582130 855728987 125996709 0
121 72 10050353154332
847502838 394284278 131835077 744121245 10152364 56425815 0
110129 2347 735992157757389
2843959 247521231 477119759 163579192 937510207 930683957 0
233121 49904 888673029992358
906091415 474014416 884994876 117394963 696731931 277116339 0
500000 5403 306186
1 4 748154233 787435901 648610162 11 0
249100 23335 241234313403812
789966478 299452026 288831048 210491574 833706314 911716073 0
