100
99973 3
99836 2
86545 3
99906 3
99826 5
99950 1
99886 1
99946 3
100000 100
99890 1
99801 10
99976 1
55847 1
99914 1
99978 1
99822 5
99985 50
88301 1
29206 1
51854 5
99862 1
99944 3
99881 1
99924 5
99879 1
99833 2
21902 66
99968 5
100000 1
99831 1
99951 1
61331 1
7 1
99895 1
99953 3
99966 79
10 2
99864 5
99848 1
99909 1
99854 2
99820 1
25991 5
99891 2
99926 1
99805 1
99863 1
99965 1
99816 2
99869 25
99918 3
99972 1
21708 1
99858 1
99830 71
99865 2
99928 84
99943 1
99964 1
23048 2
99807 2
99843 1
73405 44
99910 76
16026 3
99852 38
99873 16
99975 1
51183 68
99802 3
99849 1
99923 1
17103 1
99825 1
99916 2
99961 3
99850 1
99832 1
99846 1
99994 100
99942 1
100000 1
37724 1
74820 1
1 1
99952 23
99889 5
41194 40
99937 1
68044 1
99948 1
99851 1
99962 1
99804 5
99995 5
99874 1
99927 1
99838 1
99929 2
99901 1
